"n.bad"	"sd"	"n.peeks"	"final.impression.mad.mean"	"final.peek.prefer.best.mean"	"n"
"1"	1	5	0	5	0.495	1000
"2"	1	5	5	3.50149924900526	0.945	1000
"3"	1	5	10	2.22882609628528	0.993	1000
"4"	1	5	15	1.79954848830964	0.999	1000
"5"	1	5	20	1.59891918238131	1	1000
"6"	1	5	25	1.39602160539468	1	1000
"7"	1	5	30	1.29704050956423	1	1000
"8"	1	5	35	1.19375466038331	1	1000
"9"	1	5	40	1.0597234295841	1	1000
"10"	1	5	45	1.03944399429836	1	1000
"11"	1	5	50	0.99260213535467	1	1000
"12"	1	5	55	0.93908826226326	1	1000
"13"	1	5	60	0.869972129154509	1	1000
"14"	1	5	65	0.867508589530689	1	1000
"15"	1	5	70	0.82886807813612	1	1000
"16"	1	5	75	0.794114697484193	1	1000
"17"	1	5	80	0.783281441412898	1	1000
"18"	1	5	85	0.73801877459396	1	1000
"19"	1	5	90	0.725325111702064	1	1000
"20"	1	5	95	0.723123569234744	1	1000
"21"	1	5	100	0.719348003454273	1	1000
"22"	1	10	0	5	0.522	1000
"23"	1	10	5	7.11122766591653	0.783	1000
"24"	1	10	10	4.47522010439643	0.894	1000
"25"	1	10	15	3.64065905520617	0.95	1000
"26"	1	10	20	3.23938182956035	0.966	1000
"27"	1	10	25	2.77694978458949	0.977	1000
"28"	1	10	30	2.55489242492261	0.986	1000
"29"	1	10	35	2.42977693099354	0.987	1000
"30"	1	10	40	2.16107975095323	0.996	1000
"31"	1	10	45	1.969033317367	0.999	1000
"32"	1	10	50	2.0152152837382	0.999	1000
"33"	1	10	55	1.84844827068146	0.999	1000
"34"	1	10	60	1.83048327641602	1	1000
"35"	1	10	65	1.75030038632254	1	1000
"36"	1	10	70	1.63064046102501	0.999	1000
"37"	1	10	75	1.57255131477898	1	1000
"38"	1	10	80	1.54306503636415	1	1000
"39"	1	10	85	1.4721413826902	1	1000
"40"	1	10	90	1.47621395713092	1	1000
"41"	1	10	95	1.39114002221048	1	1000
"42"	1	10	100	1.34253542602914	1	1000
"43"	1	60	0	5	0.501	1000
"44"	1	60	5	42.8414737174786	0.557	1000
"45"	1	60	10	26.3900783246151	0.568	1000
"46"	1	60	15	21.7675322757764	0.613	1000
"47"	1	60	20	19.2633395885358	0.618	1000
"48"	1	60	25	16.7908817587558	0.625	1000
"49"	1	60	30	15.5337184534326	0.642	1000
"50"	1	60	35	14.3149838177894	0.662	1000
"51"	1	60	40	13.2473561849606	0.655	1000
"52"	1	60	45	12.8127485999114	0.65	1000
"53"	1	60	50	11.578149847347	0.682	1000
"54"	1	60	55	11.6827466456966	0.682	1000
"55"	1	60	60	10.6601939879912	0.701	1000
"56"	1	60	65	10.5441968897295	0.701	1000
"57"	1	60	70	9.72767713197037	0.725	1000
"58"	1	60	75	9.83264771168203	0.707	1000
"59"	1	60	80	9.01872777236686	0.715	1000
"60"	1	60	85	9.1879524893558	0.736	1000
"61"	1	60	90	8.89578154080391	0.716	1000
"62"	1	60	95	8.54608349460663	0.755	1000
"63"	1	60	100	8.26897994973454	0.737	1000
"64"	2	5	0	5	0.345	1000
"65"	2	5	5	4.05584291415576	0.853	1000
"66"	2	5	10	2.75618953262551	0.957	1000
"67"	2	5	15	2.13047310346684	0.995	1000
"68"	2	5	20	1.83865986900784	1	1000
"69"	2	5	25	1.65454295973682	0.999	1000
"70"	2	5	30	1.48933837170457	1	1000
"71"	2	5	35	1.37937873709964	1	1000
"72"	2	5	40	1.24684951599312	1	1000
"73"	2	5	45	1.20863756906758	1	1000
"74"	2	5	50	1.13188533420058	1	1000
"75"	2	5	55	1.09534934541583	1	1000
"76"	2	5	60	1.02584755059591	1	1000
"77"	2	5	65	0.991861564356712	1	1000
"78"	2	5	70	0.976517194459177	1	1000
"79"	2	5	75	0.913683116359876	1	1000
"80"	2	5	80	0.904879709718285	1	1000
"81"	2	5	85	0.875238229988754	1	1000
"82"	2	5	90	0.852943263302137	1	1000
"83"	2	5	95	0.815200368217933	1	1000
"84"	2	5	100	0.796471080070116	1	1000
"85"	2	10	0	5	0.343	1000
"86"	2	10	5	7.9325942075703	0.613	1000
"87"	2	10	10	5.6076828326514	0.736	1000
"88"	2	10	15	4.33943307527914	0.832	1000
"89"	2	10	20	3.64963680545358	0.885	1000
"90"	2	10	25	3.37435228134005	0.905	1000
"91"	2	10	30	3.03706382071978	0.945	1000
"92"	2	10	35	2.73365076947148	0.969	1000
"93"	2	10	40	2.49561623815835	0.987	1000
"94"	2	10	45	2.38678446404189	0.982	1000
"95"	2	10	50	2.35306074434215	0.985	1000
"96"	2	10	55	2.20474938875416	0.989	1000
"97"	2	10	60	2.08244264740963	0.993	1000
"98"	2	10	65	1.95453420938181	0.996	1000
"99"	2	10	70	1.89241792100764	0.995	1000
"100"	2	10	75	1.8240131512185	0.997	1000
"101"	2	10	80	1.81636883361341	0.998	1000
"102"	2	10	85	1.73073273499533	1	1000
"103"	2	10	90	1.64814330961185	1	1000
"104"	2	10	95	1.63610412128659	1	1000
"105"	2	10	100	1.57125617594805	0.998	1000
"106"	2	60	0	5	0.349	1000
"107"	2	60	5	47.833441609847	0.377	1000
"108"	2	60	10	33.1219212607333	0.382	1000
"109"	2	60	15	25.0850370851088	0.428	1000
"110"	2	60	20	22.2314528394403	0.446	1000
"111"	2	60	25	20.0923703015471	0.456	1000
"112"	2	60	30	17.9418284158006	0.412	1000
"113"	2	60	35	16.4224928808668	0.488	1000
"114"	2	60	40	15.0822899780721	0.49	1000
"115"	2	60	45	14.3290484463987	0.518	1000
"116"	2	60	50	13.4150876793231	0.511	1000
"117"	2	60	55	13.1618713647045	0.508	1000
"118"	2	60	60	12.4234614460775	0.542	1000
"119"	2	60	65	11.8150531414582	0.513	1000
"120"	2	60	70	11.4681085746216	0.526	1000
"121"	2	60	75	11.2859251662799	0.556	1000
"122"	2	60	80	10.885628671303	0.57	1000
"123"	2	60	85	10.294404824398	0.561	1000
"124"	2	60	90	9.88132013053003	0.58	1000
"125"	2	60	95	9.76934111890428	0.57	1000
"126"	2	60	100	9.96589529050756	0.585	1000
"127"	3	5	0	5	0.233	1000
"128"	3	5	5	3.966290348224	0.828	1000
"129"	3	5	10	3.39459982979836	0.867	1000
"130"	3	5	15	2.59821366870744	0.958	1000
"131"	3	5	20	2.12574774379229	0.986	1000
"132"	3	5	25	1.89535925715845	1	1000
"133"	3	5	30	1.67411759057116	1	1000
"134"	3	5	35	1.57527308806616	1	1000
"135"	3	5	40	1.42734125654525	1	1000
"136"	3	5	45	1.32454847236645	1	1000
"137"	3	5	50	1.29378552282697	1	1000
"138"	3	5	55	1.23519189158401	1	1000
"139"	3	5	60	1.18990665060195	1	1000
"140"	3	5	65	1.13830367763362	1	1000
"141"	3	5	70	1.07955838202615	1	1000
"142"	3	5	75	1.03207077990974	1	1000
"143"	3	5	80	1.0020647500743	1	1000
"144"	3	5	85	0.951117186048969	1	1000
"145"	3	5	90	0.976711591100042	1	1000
"146"	3	5	95	0.93631250714714	1	1000
"147"	3	5	100	0.897822505021053	1	1000
"148"	3	10	0	5	0.247	1000
"149"	3	10	5	7.85053477499619	0.553	1000
"150"	3	10	10	6.82407519040646	0.599	1000
"151"	3	10	15	4.96163252391795	0.737	1000
"152"	3	10	20	4.1910177096621	0.794	1000
"153"	3	10	25	3.78177528898174	0.846	1000
"154"	3	10	30	3.40535642923745	0.874	1000
"155"	3	10	35	3.08870193698251	0.914	1000
"156"	3	10	40	2.94072482705892	0.934	1000
"157"	3	10	45	2.78588754729687	0.948	1000
"158"	3	10	50	2.60673458912438	0.955	1000
"159"	3	10	55	2.49350299174781	0.966	1000
"160"	3	10	60	2.33312523833901	0.985	1000
"161"	3	10	65	2.29139974398192	0.977	1000
"162"	3	10	70	2.16326174211639	0.989	1000
"163"	3	10	75	2.10546626735609	0.987	1000
"164"	3	10	80	2.03466838421034	0.99	1000
"165"	3	10	85	1.97107376253691	0.995	1000
"166"	3	10	90	1.8910627531424	0.999	1000
"167"	3	10	95	1.84789738260831	0.994	1000
"168"	3	10	100	1.82820509539545	0.998	1000
"169"	3	60	0	5	0.259	1000
"170"	3	60	5	46.8308575344812	0.296	1000
"171"	3	60	10	41.9696881842249	0.296	1000
"172"	3	60	15	30.4133093719405	0.324	1000
"173"	3	60	20	25.9614911508148	0.351	1000
"174"	3	60	25	21.9847228699731	0.341	1000
"175"	3	60	30	20.4098273230956	0.37	1000
"176"	3	60	35	18.6233044787675	0.358	1000
"177"	3	60	40	17.5230431116149	0.369	1000
"178"	3	60	45	16.5198655579835	0.375	1000
"179"	3	60	50	15.2581943330797	0.405	1000
"180"	3	60	55	14.780056001562	0.393	1000
"181"	3	60	60	14.1325446115487	0.417	1000
"182"	3	60	65	13.8853046180475	0.4	1000
"183"	3	60	70	12.8574857674668	0.426	1000
"184"	3	60	75	12.3216895810914	0.444	1000
"185"	3	60	80	11.9744725801628	0.491	1000
"186"	3	60	85	11.6532763517895	0.461	1000
"187"	3	60	90	11.4319488693311	0.457	1000
"188"	3	60	95	10.7837956793828	0.484	1000
"189"	3	60	100	10.9034202934622	0.455	1000
"190"	4	5	0	5	0.202	1000
"191"	4	5	5	4.00405420480186	0.783	1000
"192"	4	5	10	4.00451692753114	0.801	1000
"193"	4	5	15	2.87098206318582	0.92	1000
"194"	4	5	20	2.37966613787251	0.971	1000
"195"	4	5	25	2.12337639398327	0.984	1000
"196"	4	5	30	1.90119274280718	0.995	1000
"197"	4	5	35	1.7600980109395	0.999	1000
"198"	4	5	40	1.59550472473191	0.998	1000
"199"	4	5	45	1.51486933772003	1	1000
"200"	4	5	50	1.41864631261884	1	1000
"201"	4	5	55	1.34635667204308	1	1000
"202"	4	5	60	1.29808651675985	1	1000
"203"	4	5	65	1.25432657527368	1	1000
"204"	4	5	70	1.19809128228171	1	1000
"205"	4	5	75	1.15777782475584	1	1000
"206"	4	5	80	1.1152572867257	1	1000
"207"	4	5	85	1.07643027658962	1	1000
"208"	4	5	90	1.02120291681527	1	1000
"209"	4	5	95	1.03672325404804	1	1000
"210"	4	5	100	0.990030633217837	1	1000
"211"	4	10	0	5	0.188	1000
"212"	4	10	5	7.91424361526856	0.49	1000
"213"	4	10	10	8.04031290006887	0.492	1000
"214"	4	10	15	5.88409155577452	0.612	1000
"215"	4	10	20	4.79239859230685	0.703	1000
"216"	4	10	25	4.20925091100247	0.761	1000
"217"	4	10	30	3.8073535901029	0.803	1000
"218"	4	10	35	3.49802846451672	0.861	1000
"219"	4	10	40	3.23130472550043	0.887	1000
"220"	4	10	45	2.97243012866823	0.912	1000
"221"	4	10	50	2.86557857035187	0.924	1000
"222"	4	10	55	2.70326755524364	0.934	1000
"223"	4	10	60	2.53153511900983	0.952	1000
"224"	4	10	65	2.51533526783653	0.959	1000
"225"	4	10	70	2.41350558536289	0.973	1000
"226"	4	10	75	2.31792072915984	0.975	1000
"227"	4	10	80	2.22765898762148	0.971	1000
"228"	4	10	85	2.15877196948325	0.985	1000
"229"	4	10	90	2.13309169857884	0.991	1000
"230"	4	10	95	2.05299901916431	0.989	1000
"231"	4	10	100	1.93406772400297	0.993	1000
"232"	4	60	0	5	0.192	1000
"233"	4	60	5	47.5221633330573	0.259	1000
"234"	4	60	10	48.3434272748284	0.244	1000
"235"	4	60	15	35.2488033276912	0.257	1000
"236"	4	60	20	29.3889640155892	0.255	1000
"237"	4	60	25	24.6904106021986	0.294	1000
"238"	4	60	30	22.3327581179705	0.32	1000
"239"	4	60	35	20.6744927000826	0.319	1000
"240"	4	60	40	19.1750692528353	0.297	1000
"241"	4	60	45	17.9833466856946	0.329	1000
"242"	4	60	50	17.1767422246004	0.314	1000
"243"	4	60	55	16.2176976881825	0.315	1000
"244"	4	60	60	15.6336512302691	0.339	1000
"245"	4	60	65	14.9286647881505	0.366	1000
"246"	4	60	70	14.3247554247721	0.368	1000
"247"	4	60	75	13.6215077679541	0.374	1000
"248"	4	60	80	13.6161652105965	0.338	1000
"249"	4	60	85	13.1692757567568	0.373	1000
"250"	4	60	90	12.5100984870232	0.37	1000
"251"	4	60	95	11.8488687086002	0.367	1000
"252"	4	60	100	11.7797290833878	0.398	1000
